00001000010000111000 
00000000100000000000 
00000100100000000100 
00001000000000000110 
00001000011010011010 
00000100110010011001 
00000100110010111001 
00000100111010000001 
00000100111010001001 
00000100111010010001 
00000100111011101001 
00000100111011100001 
00000100111010110001 
00110000010110011001 
00110000010110011001 
00110000010110011001 
00110000010110011001 
00110000010110011001 
00110000010110011001 
00100000000000000000 
10100000000000000000 
01000000000000000000 
00000000000000000000 
00000100111010011000 
00000000000000000000 
00000000000000000000 
00000000000000000000 
00000000000000000000 
00000000000000000000 
00000000000000000000 
00000000000000000000 
00000000000000000000 
